state_name,first_covid_case,9_2019_unemployment,10_2019_unemployment,11_2019_unemployment,12_2019_unemployment,1_2020_unemployment,2_2020_unemployment,3_2020_unemployment,4_2020_unemployment,5_2020_unemployment,6_2020_unemployment,7_2020_unemployment,8_2020_unemployment,9_2020_unemployment,10_2020_unemployment,2019_population_estimates,2020_population_estimates
Alabama,3/13/2020,132385.995,,,132385.995,135669.681,130644.878,130644.878,663273.996,396959.437,386909.831,371835.42199999996,356761.013,336661.80100000004,236165.741,4903185,5024803
Alaska,3/12/2020,45355.79,,,44624.245,36622.05,37354.490999999995,37354.490999999995,86428.038,84963.156,82765.833,80568.51,52735.75199999999,51270.87,47608.665,731545,732441
Arizona,1/26/2020,334820.982,,,327542.265,344543.328,351721.314,358899.30000000005,1019274.0119999999,760866.516,768044.502,746510.544,502459.0200000001,495281.03400000004,488103.048,7278717,7177986
Arkansas,3/11/2020,108640.94399999999,,,105623.14000000001,111452.58399999999,114464.81599999999,117477.048,301223.2,256039.72000000003,234954.096,213868.47199999998,195795.08000000002,177721.688,168684.992,3017804,3012232
California,1/26/2020,1540976.697,,,1540976.697,1658988.996,1698488.734,1777488.21,6319958.08,6161959.128,5569463.057999999,5213965.416,4858467.774,4186972.2279999997,3870974.324,39512223,39499738
Colorado,3/6/2020,149727.136,,,143968.4,156176.316,161960.624,271862.476,699901.2679999999,670979.728,653626.804,428038.79199999996,410685.86799999996,404901.56000000006,399117.25200000004,5758736,5784308
Connecticut,3/9/2020,131915.619,,,135480.906,133209.62,133209.62,136809.88,309622.36,410429.64,410429.64,406829.38,302421.84,298821.58,295221.32,3565287,3600260
Delaware,3/12/2020,37976.796,,,38950.56,42651.098,44634.869999999995,47610.528,132912.72400000002,131920.83800000002,127953.29400000001,82326.538,78358.994,75383.336,56537.502,973764,991886
Florida,3/2/2020,622854.373,,,622854.373,711807.756,711807.756,1056926.668,3019790.4800000004,3062930.3439999996,2502112.112,2480542.18,1704024.628,1553035.1039999998,1251056.056,21477737,21569932
Georgia,3/3/2020,339757.536,,,329140.113,353951.4,375403.00000000006,386128.8,1340725.0,1008225.2,900967.2000000001,815160.7999999999,750806.0000000001,697177.0,632822.2,10617423,10725800
Hawaii,3/7/2020,38228.544,,,38228.544,29038.22,30490.131,30490.131,317968.509,317968.509,204719.45099999997,204719.45099999997,204719.45099999997,214882.82799999998,203267.54,1415872,1451911
Idaho,3/14/2020,51824.885,,,51824.885,48042.072,48042.072,49889.844,214341.55200000003,153365.076,129344.04000000001,109018.548,90540.82800000001,110866.31999999999,88693.056,1787065,1847772
Illinois,1/24/2020,468857.377,,,468857.377,447483.57500000007,460268.81999999995,473054.065,2109565.4250000003,1968927.73,1815504.7899999998,1534229.4,1419162.195,1329665.48,1035604.8450000001,12671821,12785245
Indiana,3/6/2020,215431.008,,,215431.008,217140.608,217140.608,223926.252,1146773.8360000001,814277.28,685350.044,583565.384,495352.012,427495.572,379996.064,6732219,6785644
Iowa,3/9/2020,88341.96,,,88341.96,89282.732,92471.401,92471.401,353942.259,264659.527,226395.49899999998,194508.809,168999.457,149867.443,133924.098,3155070,3188669
Kansas,3/8/2020,90312.734,,,90312.734,91012.28,93948.16,93948.16,369920.88,264229.2,205511.6,193768.08000000002,182024.56,179088.68,137986.36,2913314,2935880
Kentucky,3/9/2020,192109.93899999998,,,192109.93899999998,184662.27800000002,189166.236,189166.236,761168.902,490931.422,256725.606,252221.64800000002,247717.69,247717.69,247717.69,4467673,4503958
Louisiana,3/9/2020,237088.49399999998,,,241737.288,237211.35299999997,241862.55599999998,246513.759,609307.593,609307.593,437213.082,423259.473,381398.646,372096.24,367445.037,4648794,4651203
Maine,3/12/2020,38982.148,,,40326.36,40868.4,42230.68,42230.68,123967.48,113069.24,72200.84,119880.64,70838.56,66751.72,65389.44,1344212,1362280
Maryland,3/6/2020,211598.80000000002,,,205553.12000000002,209871.086,216043.765,216043.765,555541.11,555541.11,530850.394,537023.073,530850.394,432087.53,419742.172,6045680,6172679
Massachusetts,2/1/2020,192990.084,,,192990.084,196622.16,196622.16,189599.94,1151644.08,1074399.66,1039288.5599999999,688177.56,653066.46,624977.58,596888.7000000001,6892503,7022220
Michigan,3/10/2020,389487.423,,,389487.423,372503.56799999997,372503.56799999997,372503.56799999997,2375968.704,2094074.112,1419540.6239999998,906089.76,855751.4400000001,825548.4480000001,815480.784,9986857,10067664
Minnesota,3/6/2020,180468.22400000002,,,186107.856,182629.28,188336.445,199750.77500000002,513644.85,644909.645,507937.685,433744.54,376672.89,331015.57,302479.745,5639632,5707165
Mississippi,3/12/2020,166664.344,,,166664.344,165584.72,171498.46000000002,177412.19999999998,464228.59,325255.7,283859.52,251333.95,230635.86,212894.63999999998,204024.03000000003,2976149,2956870
Missouri,3/8/2020,202535.124,,,208672.55200000003,221561.316,221561.316,227715.797,769310.125,590830.176,498512.961,418504.70800000004,369268.86,332341.974,307724.05,6137428,6154481
Montana,3/13/2020,37407.23,,,37407.23,40189.140999999996,40189.140999999996,41275.334,129256.96699999999,98843.563,82550.668,71688.738,62999.194,56482.036,51051.071,1068778,1086193
Nebraska,3/6/2020,58032.24,,,58032.24,56882.195,58843.65,60805.105,145147.66999999998,105918.56999999999,129456.03,86304.01999999999,78458.2,74535.29,70612.37999999999,1934408,1961455
Nevada,3/5/2020,113965.772,,,113965.772,115220.627,115220.627,199300.544,918650.945,762947.395,479566.934,516935.786,451540.295,404829.23000000004,373688.51999999996,3080156,3114071
New_Hampshire,3/2/2020,35352.486,,,35352.486,35824.047999999995,35824.047999999995,37201.896,220455.68,184631.632,141918.34399999998,111605.68800000001,90937.96800000001,75781.64,64758.856,1359711,1377848
New_Jersey,3/5/2020,319758.83999999997,,,328641.02999999997,343350.491,343350.491,352630.234,1540437.338,1531157.595,1512598.1090000002,1215646.333,1020771.73,723819.954,714540.211,8882190,9279743
New_Mexico,3/11/2020,100647.792,,,100647.792,107995.866,112230.99799999999,114348.564,211756.6,211756.6,207521.468,264695.75,196933.638,182110.67599999998,179993.11000000002,2096829,2117566
New_York,3/2/2020,758688.879,,,758688.879,765887.454,786042.387,786042.387,3265099.146,3164324.481,3023239.9499999997,2962775.1509999996,2358127.1610000003,2015493.3,1753479.1709999999,19453561,20154933
North_Carolina,3/3/2020,388059.108,,,377571.024,366001.195,376458.372,407829.903,1411718.895,1411718.895,920231.576,920231.576,711088.0360000001,763373.921,711088.0360000001,10488084,10457177
North_Dakota,3/12/2020,18289.488,,,18289.488,17137.164,17916.126,17916.126,67769.69399999999,67769.69399999999,48295.644,48295.644,47516.682,36611.214,36611.214,762062,778962
Ohio,3/9/2020,479253.10000000003,,,479253.10000000003,530576.415,554157.589,577738.763,1933656.2680000002,1756797.463,1214430.461,1096524.591,1061152.83,872503.438,660272.872,11689100,11790587
Oklamhoma,3/7/2020,130580.043,,,134537.014,122822.961,122822.961,126784.992,515064.03,376392.945,324886.542,285266.23199999996,249607.953,225835.76700000002,206025.612,3956971,3962031
Oregon,2/29/2020,147620.795,,,143403.05800000002,144212.496,148454.04,152695.584,559883.8080000001,496260.64800000004,436879.03199999995,407188.224,356289.696,318115.8,296908.08,4217737,4241544
Pennsylvania,3/6/2020,588891.494,,,588891.494,623502.0,649481.25,662470.875,2104319.25,1753599.375,1727620.125,1688651.25,1324941.75,922263.3749999999,909273.7500000001,12801989,12989625
Rhode_Island,3/1/2020,37077.635,,,37077.635,41656.702,43849.16,43849.16,190743.846,141413.541,119488.961,153472.06000000003,138124.854,119488.961,80024.71699999999,1059361,1096229
South_Carolina,3/6/2020,123569.136,,,123569.136,133398.954,143660.412,153921.87,590033.8350000001,590033.8350000001,395066.133,389935.404,277059.366,277059.366,277059.366,5148714,5130729
South_Dakota,3/9/2020,30078.406000000003,,,30078.406000000003,25725.871000000003,25725.871000000003,25725.871000000003,81613.108,62096.93000000001,54113.039,47903.346,41693.653,35483.96,32822.663,884659,887099
Tennessee,3/5/2020,225362.742,,,225362.742,256044.403,269884.641,276804.76,1093378.802,664331.424,643571.067,615890.591,560529.639,546689.401,539769.282,6829174,6920119
Texas,3/5/2020,1014855.8350000001,,,1014855.8350000001,1051835.508,1081053.1609999998,1431664.997,3769077.237,3389247.748,2980200.6059999997,2717241.729,2016018.0570000003,2308194.587,2132888.6689999998,28995881,29217653
Utah,3/7/2020,80148.95000000001,,,76942.992,78760.416,82042.1,82042.1,331450.08400000003,249407.984,206746.092,177210.936,157520.832,137830.728,124703.992,3205958,3281684
Vermont,3/8/2020,14975.736,,,14975.736,16062.375,16062.375,16704.87,95089.26,59752.034999999996,49472.115,41119.68,34694.73,29554.77,25699.8,623989,642495
Virginia,3/8/2020,230459.013,,,230459.013,215801.1,215801.1,224433.144,975420.9720000001,733723.7400000001,759619.872,681931.476,604243.0800000001,569714.904,526554.684,8535519,8632044
Washington,1/22/2020,312210.613,,,304595.72000000003,308751.4,316470.185,409095.605,1258161.955,964848.125,833628.78,833628.78,702409.4349999999,617502.8,540314.9500000001,7614893,7718785
West_Virginia,3/17/2020,89607.35,,,91399.49699999999,89489.90000000001,91279.69799999999,94859.294,279208.488,212985.962,187928.78999999998,168241.012,152132.83000000002,141394.04200000002,132445.052,1792147,1789798
Wisconsin,3/9/2020,197962.75600000002,,,203785.19000000003,194446.659,194446.659,188554.336,872063.804,612801.592,506739.77799999993,424247.256,359431.703,306400.796,282831.504,5822434,5892323
Wyoming,3/12/2020,21414.083,,,21414.083,25399.748,27708.816,29440.617,31749.685,49067.69500000001,42717.757999999994,39254.156,35790.554,32904.219000000005,31172.417999999998,578759,577267
